Length	12.5	37.5	62.5	87.5	112.5	137.5	162.5	187.5	212.5	237.5	262.5	287.5	312.5	337.5	362.5	387.5	412.5	437.5	462.5	487.5	512.5	537.5	562.5	587.5	612.5	637.5	662.5	687.5	712.5	737.5	762.5	787.5
12.5	0	0	0	0	0	0	0	0	0	0	0	0	0	0	0	0.000654878847413229	0.000654878847413229	0	0	0	0	0	0	0	0	0	0	0	0	0	0	0
37.5	0	0	0	0	0	0	0	0	0	0.000654878847413229	0.00130975769482646	0.000654878847413229	0.000654878847413229	0	0	0	0	0	0	0	0	0	0	0	0	0	0	0	0	0	0	0
62.5	0	0	0	0	0	0	0	0.000654878847413229	0.000654878847413229	0	0.000654878847413229	0	0	0.00130975769482646	0	0.000654878847413229	0	0	0	0	0	0	0	0	0	0	0	0	0	0	0	0
87.5	0	0	0	0	0	0	0.000654878847413229	0	0	0	0	0	0	0	0	0	0	0	0	0	0.000654878847413229	0.000654878847413229	0.00130975769482646	0.00130975769482646	0	0	0	0	0	0	0	0
112.5	0	0	0	0.000654878847413229	0	0.000654878847413229	0	0.000654878847413229	0	0	0	0	0	0	0	0	0	0	0	0	0.00130975769482646	0.00196463654223969	0.00196463654223969	0.000654878847413229	0	0	0.000654878847413229	0	0	0	0	0
137.5	0	0.000654878847413229	0	0.000654878847413229	0	0	0	0	0	0	0.000654878847413229	0	0	0.000654878847413229	0.000654878847413229	0	0	0	0	0	0	0.000654878847413229	0.000654878847413229	0.00130975769482646	0.00196463654223969	0.000654878847413229	0	0	0	0	0	0
162.5	0	0	0	0	0	0	0	0	0.000654878847413229	0	0	0.000654878847413229	0.00130975769482646	0	0	0	0	0	0	0	0.000654878847413229	0.00196463654223969	0.00392927308447937	0.00130975769482646	0.00261951538965291	0.00261951538965291	0	0	0	0	0	0
187.5	0	0.000654878847413229	0	0	0	0.000654878847413229	0	0.000654878847413229	0	0	0	0	0	0	0	0	0	0	0	0	0	0.000654878847413229	0.00196463654223969	0.00130975769482646	0.00196463654223969	0.00327439423706614	0.00196463654223969	0	0	0	0	0
212.5	0	0	0	0	0.000654878847413229	0	0	0	0	0	0	0.000654878847413229	0	0	0	0	0	0	0	0	0	0	0.00130975769482646	0	0	0.00130975769482646	0	0.000654878847413229	0	0	0	0
237.5	0	0.000654878847413229	0.000654878847413229	0.000654878847413229	0	0	0	0	0.000654878847413229	0	0	0	0	0	0	0	0	0	0	0	0	0	0	0	0	0	0	0	0	0	0	0
262.5	0.000654878847413229	0.000654878847413229	0.00196463654223969	0.00261951538965291	0	0	0	0	0	0	0	0	0.000654878847413229	0	0	0	0	0	0	0	0	0	0	0	0	0	0	0	0	0	0	0
287.5	0	0.00523903077930583	0.00720366732154551	0	0	0	0	0	0	0	0	0	0	0	0	0	0	0	0	0	0	0	0	0	0	0	0	0	0	0	0	0
312.5	0.000654878847413229	0.00654878847413229	0.00720366732154551	0.00130975769482646	0.000654878847413229	0.000654878847413229	0	0	0	0	0	0	0	0	0	0	0	0	0	0	0	0	0	0	0	0	0	0	0	0	0	0
337.5	0.00130975769482646	0.00654878847413229	0.00261951538965291	0	0	0	0	0	0	0	0	0	0	0	0	0	0	0	0	0	0.000654878847413229	0	0	0	0	0	0	0	0	0	0	0
362.5	0.000654878847413229	0.000654878847413229	0	0	0	0	0.000654878847413229	0	0	0	0	0	0	0	0	0	0	0	0	0.000654878847413229	0	0	0	0	0	0	0	0	0	0	0	0
387.5	0	0	0	0	0.000654878847413229	0	0	0	0	0	0	0	0	0	0	0	0	0	0	0	0	0	0	0	0	0	0	0	0.000654878847413229	0	0	0
412.5	0.000654878847413229	0.00130975769482646	0	0	0.000654878847413229	0	0	0	0	0	0	0	0	0	0	0	0	0	0	0	0	0	0	0	0	0	0.00130975769482646	0	0	0	0	0
437.5	0	0.00196463654223969	0.000654878847413229	0	0	0	0	0.000654878847413229	0	0	0	0	0	0	0	0	0	0	0	0	0	0	0	0	0	0	0	0	0.000654878847413229	0	0	0
462.5	0.000654878847413229	0.00130975769482646	0.00130975769482646	0	0	0	0	0	0	0	0	0	0	0	0	0	0	0	0	0	0	0	0	0	0	0	0	0	0.00196463654223969	0.000654878847413229	0	0
487.5	0.000654878847413229	0.000654878847413229	0	0	0	0	0.000654878847413229	0	0	0	0	0	0	0	0	0	0	0	0	0	0	0	0	0	0	0	0	0	0.00130975769482646	0.00196463654223969	0	0
512.5	0.000654878847413229	0	0.000654878847413229	0	0	0	0	0	0.000654878847413229	0	0	0	0	0	0	0	0	0	0	0	0	0	0	0	0	0	0	0	0	0	0	0
537.5	0	0.000654878847413229	0	0.000654878847413229	0	0	0	0.000654878847413229	0	0	0	0	0	0	0	0	0	0	0	0	0.000654878847413229	0	0	0	0	0	0	0.000654878847413229	0	0	0	0
562.5	0	0	0	0	0	0	0	0	0	0	0	0	0	0.000654878847413229	0	0	0	0	0	0	0	0.000654878847413229	0.000654878847413229	0	0	0	0	0	0	0	0	0
587.5	0	0.000654878847413229	0.00196463654223969	0.000654878847413229	0	0	0	0	0	0	0	0	0	0	0	0	0	0	0	0	0	0	0.000654878847413229	0	0	0	0	0	0	0	0	0
612.5	0	0.000654878847413229	0.00196463654223969	0.00130975769482646	0	0	0	0.000654878847413229	0	0	0	0	0	0	0	0	0	0	0	0	0	0	0	0	0	0	0	0	0	0.000654878847413229	0	0
637.5	0	0.000654878847413229	0.00130975769482646	0.000654878847413229	0.000654878847413229	0	0	0	0	0	0	0	0	0	0	0	0	0	0	0	0	0	0	0	0	0	0	0	0	0.000654878847413229	0.000654878847413229	0
662.5	0.000654878847413229	0.00130975769482646	0	0.00130975769482646	0.00130975769482646	0	0	0	0	0	0	0.000654878847413229	0	0	0	0	0	0	0	0	0	0	0	0	0.000654878847413229	0	0	0	0	0	0	0
687.5	0.000654878847413229	0.000654878847413229	0.00196463654223969	0.000654878847413229	0	0	0	0	0	0	0	0	0	0	0	0	0	0	0	0	0	0	0	0	0	0	0.000654878847413229	0	0	0	0.000654878847413229	0
712.5	0	0.000654878847413229	0.000654878847413229	0.000654878847413229	0	0.000654878847413229	0	0	0	0	0	0	0	0	0	0	0	0	0	0	0	0	0	0	0	0	0	0	0	0	0	0.000654878847413229
737.5	0	0	0.00261951538965291	0.00130975769482646	0.000654878847413229	0	0.000654878847413229	0.000654878847413229	0.000654878847413229	0	0	0	0	0	0	0	0	0	0	0	0	0	0	0	0	0	0	0.00130975769482646	0.00196463654223969	0.00130975769482646	0.00130975769482646	0.00130975769482646
762.5	0.000654878847413229	0	0.00130975769482646	0.000654878847413229	0.00261951538965291	0.00392927308447937	0.00130975769482646	0.00261951538965291	0	0.000654878847413229	0	0	0	0	0	0	0	0	0	0	0	0	0	0	0	0	0.000654878847413229	0.000654878847413229	0.00130975769482646	0.00196463654223969	0	0.000654878847413229
787.5	0	0	0.00261951538965291	0.00130975769482646	0	0.00130975769482646	0.00392927308447937	0.000654878847413229	0	0	0	0	0	0	0	0	0	0	0	0	0	0	0	0	0	0	0	0	0.000654878847413229	0.000654878847413229	0	0.00130975769482646
812.5	0	0	0	0.00130975769482646	0	0.000654878847413229	0.00130975769482646	0.000654878847413229	0	0	0	0	0	0	0	0	0	0	0	0	0	0	0.000654878847413229	0	0	0	0	0	0	0	0	0
837.5	0	0	0	0	0.00196463654223969	0.00130975769482646	0	0.00130975769482646	0.00130975769482646	0	0	0	0	0	0	0	0	0	0	0	0	0	0	0	0	0	0	0	0	0	0	0
862.5	0	0	0	0.000654878847413229	0	0.000654878847413229	0	0	0	0	0	0	0	0	0	0	0	0	0	0	0	0	0	0	0.000654878847413229	0	0	0	0	0	0	0
887.5	0	0	0	0	0.000654878847413229	0.00196463654223969	0	0.000654878847413229	0	0	0	0	0	0	0	0	0	0	0	0	0	0	0	0	0	0	0	0	0	0	0	0
912.5	0	0	0	0	0.000654878847413229	0	0	0	0	0.000654878847413229	0.000654878847413229	0	0	0	0	0	0	0.000654878847413229	0	0	0	0	0	0	0	0	0	0	0	0	0	0
937.5	0	0	0	0	0	0	0.000654878847413229	0.000654878847413229	0	0	0	0	0	0	0	0	0	0	0	0	0	0	0	0	0	0	0	0	0	0	0.000654878847413229	0
962.5	0	0	0	0.00392927308447937	0	0	0	0	0.000654878847413229	0	0	0	0	0	0	0	0	0	0	0	0	0	0	0	0	0	0	0	0.000654878847413229	0	0	0
987.5	0	0	0	0	0.000654878847413229	0	0	0.000654878847413229	0	0	0	0	0	0	0.00130975769482646	0	0	0	0	0	0	0	0	0	0	0	0	0	0	0	0.000654878847413229	0
1012.5	0	0	0	0	0	0	0	0	0.00261951538965291	0.00196463654223969	0.000654878847413229	0	0.000654878847413229	0	0	0	0	0	0	0	0	0	0	0	0	0.000654878847413229	0	0	0	0.00130975769482646	0	0
1037.5	0	0	0	0.000654878847413229	0	0	0.00130975769482646	0.00130975769482646	0.0045841519318926	0.00523903077930583	0.00196463654223969	0	0	0.000654878847413229	0	0.000654878847413229	0.00196463654223969	0	0.000654878847413229	0	0	0.000654878847413229	0.00130975769482646	0.000654878847413229	0.000654878847413229	0.0045841519318926	0.00589390962671906	0.00196463654223969	0.000654878847413229	0.000654878847413229	0	0.000654878847413229
1062.5	0	0	0	0	0	0.00261951538965291	0	0.000654878847413229	0.00130975769482646	0.00327439423706614	0.00327439423706614	0	0	0	0.000654878847413229	0.000654878847413229	0.00130975769482646	0	0	0.00130975769482646	0.00130975769482646	0.00196463654223969	0.00130975769482646	0.00327439423706614	0.00261951538965291	0.0235756385068762	0.0556647020301244	0.0268500327439424	0.00392927308447937	0.00654878847413229	0.00130975769482646	0
1087.5	0	0	0	0	0.000654878847413229	0.000654878847413229	0	0.000654878847413229	0.00130975769482646	0.000654878847413229	0.00130975769482646	0.000654878847413229	0.00130975769482646	0.000654878847413229	0.00327439423706614	0.000654878847413229	0.00392927308447937	0.00261951538965291	0.00589390962671906	0.00392927308447937	0.00720366732154551	0.00196463654223969	0.00589390962671906	0.0130975769482646	0.0170268500327439	0.0117878192534381	0.0150622134905043	0.0045841519318926	0.00261951538965291	0.00523903077930583	0.000654878847413229	0
1112.5	0	0	0	0.000654878847413229	0.000654878847413229	0.000654878847413229	0	0	0	0.000654878847413229	0.00392927308447937	0.00327439423706614	0.00392927308447937	0.00327439423706614	0.00261951538965291	0.00261951538965291	0.00327439423706614	0.00261951538965291	0.00851342501637197	0.0111329404060249	0.000654878847413229	0.000654878847413229	0	0.00851342501637197	0.00589390962671906	0.00130975769482646	0.000654878847413229	0.000654878847413229	0.00130975769482646	0.000654878847413229	0	0
1137.5	0	0	0	0	0.000654878847413229	0.00130975769482646	0	0	0	0	0.00130975769482646	0.00392927308447937	0.00327439423706614	0.000654878847413229	0.00261951538965291	0.00196463654223969	0.00130975769482646	0.000654878847413229	0.00196463654223969	0.000654878847413229	0	0.000654878847413229	0	0	0	0	0	0.000654878847413229	0	0	0	0
1162.5	0	0	0	0.00392927308447937	0.00392927308447937	0.000654878847413229	0.000654878847413229	0.000654878847413229	0.000654878847413229	0.000654878847413229	0.000654878847413229	0	0.000654878847413229	0	0	0	0.000654878847413229	0	0	0	0	0	0	0	0	0	0	0	0	0	0	0
1187.5	0	0.000654878847413229	0.00392927308447937	0.00196463654223969	0.00261951538965291	0.00130975769482646	0.000654878847413229	0	0	0	0	0	0	0	0	0	0	0	0	0	0	0	0	0	0	0	0	0	0	0	0	0
1212.5	0	0.000654878847413229	0	0.000654878847413229	0.00196463654223969	0.00130975769482646	0.00196463654223969	0.000654878847413229	0.000654878847413229	0.000654878847413229	0	0	0	0	0	0	0	0	0	0	0	0	0	0	0	0	0	0	0	0.000654878847413229	0	0.000654878847413229
1237.5	0	0	0.000654878847413229	0.000654878847413229	0.00130975769482646	0.00196463654223969	0	0	0	0	0	0	0	0	0	0	0	0	0	0	0	0	0	0	0	0	0	0	0	0	0	0
1262.5	0	0	0	0	0	0	0.000654878847413229	0.000654878847413229	0	0	0	0	0	0	0	0	0	0	0	0	0	0	0	0	0	0	0	0	0	0	0	0
1287.5	0	0.00130975769482646	0	0.00130975769482646	0.000654878847413229	0	0.000654878847413229	0	0	0	0	0	0	0	0	0	0	0	0	0	0	0	0	0	0	0	0	0	0	0	0.000654878847413229	0.00130975769482646
1312.5	0	0	0.00130975769482646	0.00130975769482646	0	0	0	0	0	0	0	0	0	0	0	0	0	0	0	0	0	0	0	0	0	0	0	0	0	0	0.000654878847413229	0.00130975769482646
1337.5	0	0.000654878847413229	0.00130975769482646	0.000654878847413229	0	0.000654878847413229	0	0	0	0	0	0	0	0	0	0	0	0	0	0	0	0	0	0	0	0	0	0	0	0	0.00130975769482646	0
1362.5	0	0.000654878847413229	0.00327439423706614	0.000654878847413229	0	0.000654878847413229	0	0	0.000654878847413229	0	0.000654878847413229	0	0	0.000654878847413229	0	0	0	0	0	0	0	0	0	0	0	0	0	0	0	0	0	0.000654878847413229
1387.5	0	0.00261951538965291	0.00130975769482646	0	0	0	0	0	0	0	0	0	0	0.00130975769482646	0	0	0	0	0	0	0	0	0	0	0	0	0	0	0	0	0.00130975769482646	0
1412.5	0.000654878847413229	0.0045841519318926	0.000654878847413229	0	0	0	0	0.000654878847413229	0	0	0	0	0	0	0	0	0	0	0	0	0	0	0	0	0	0	0	0	0	0	0	0
1437.5	0	0.00654878847413229	0	0.00130975769482646	0	0	0	0	0	0	0	0	0	0	0	0	0	0	0	0	0	0	0	0	0	0	0	0	0	0	0	0
1462.5	0.00196463654223969	0.00523903077930583	0.000654878847413229	0	0	0	0	0	0	0	0	0	0	0	0	0	0	0	0	0	0	0	0	0	0	0	0	0	0	0	0	0
1487.5	0.00130975769482646	0.00261951538965291	0.000654878847413229	0	0	0	0	0	0	0	0	0	0	0	0	0	0	0	0	0	0	0	0	0	0	0	0	0	0	0	0	0
1512.5	0	0	0	0	0.000654878847413229	0	0	0	0	0	0	0	0	0	0	0	0	0	0	0	0	0	0	0	0.000654878847413229	0	0	0	0	0	0	0
1537.5	0	0.00261951538965291	0.000654878847413229	0	0	0	0	0	0	0	0	0	0	0	0	0	0	0	0	0	0	0	0	0	0	0	0	0	0	0	0	0
1562.5	0.000654878847413229	0.00196463654223969	0.00196463654223969	0.00130975769482646	0.00196463654223969	0	0	0	0	0	0	0	0	0	0	0	0	0	0	0	0	0	0	0	0	0	0	0	0	0	0	0
1587.5	0	0.00130975769482646	0.00130975769482646	0.0045841519318926	0.00130975769482646	0	0	0	0	0	0	0	0	0	0	0	0	0	0	0	0	0	0	0	0	0	0	0	0	0	0	0
1612.5	0	0	0.00130975769482646	0.00130975769482646	0.00392927308447937	0.000654878847413229	0.000654878847413229	0	0	0	0	0	0	0	0	0	0	0	0	0	0	0	0	0	0	0	0	0	0	0	0	0
1637.5	0.000654878847413229	0.00130975769482646	0	0	0	0.000654878847413229	0	0	0	0	0	0	0	0	0	0	0	0	0	0	0	0	0	0	0	0	0	0	0	0	0	0
1662.5	0	0	0.000654878847413229	0	0	0	0	0	0	0	0	0	0	0	0	0	0	0	0	0	0	0	0	0	0	0	0	0	0	0	0	0
1687.5	0	0	0.000654878847413229	0	0	0	0	0	0	0	0	0	0	0	0	0	0	0	0	0	0	0.000654878847413229	0	0	0	0.000654878847413229	0	0.000654878847413229	0	0	0	0
1712.5	0	0	0	0	0	0	0	0	0	0	0	0	0	0	0	0	0	0	0	0.000654878847413229	0	0	0	0	0	0	0	0	0	0	0	0
1737.5	0	0	0	0	0.000654878847413229	0	0	0	0	0	0	0	0	0	0	0	0	0	0	0	0	0	0	0	0	0	0	0	0	0	0	0
1762.5	0	0	0	0	0	0	0	0	0	0	0	0	0	0	0	0	0	0	0	0	0	0	0	0	0	0	0	0	0	0	0	0
1787.5	0	0	0	0	0	0	0	0	0	0	0.000654878847413229	0.000654878847413229	0	0	0	0	0	0	0	0	0	0	0	0	0	0	0	0.000654878847413229	0	0	0	0
1812.5	0	0	0	0	0	0	0	0	0	0.000654878847413229	0.00261951538965291	0.00196463654223969	0.000654878847413229	0	0	0	0	0	0	0	0	0.000654878847413229	0	0	0	0	0	0	0	0	0	0
1837.5	0	0	0	0	0	0	0	0	0	0.00130975769482646	0.00982318271119843	0.00589390962671906	0.0045841519318926	0	0.000654878847413229	0	0	0	0	0	0	0	0	0	0.000654878847413229	0	0	0	0	0	0	0
1862.5	0	0	0	0	0	0	0	0.000654878847413229	0.000654878847413229	0.000654878847413229	0.00130975769482646	0.00589390962671906	0.00523903077930583	0.00130975769482646	0.00130975769482646	0.00130975769482646	0	0	0	0	0	0	0	0	0	0	0	0	0	0	0	0
1887.5	0	0	0	0	0	0	0.000654878847413229	0.000654878847413229	0.000654878847413229	0.00261951538965291	0.00196463654223969	0.00261951538965291	0.00196463654223969	0.000654878847413229	0	0	0	0	0	0	0	0	0	0	0	0	0	0	0	0	0	0
1912.5	0	0	0	0	0	0	0	0	0.00261951538965291	0.0045841519318926	0.00261951538965291	0.000654878847413229	0	0	0	0.000654878847413229	0	0	0	0	0	0	0	0	0	0	0	0	0	0	0	0
1937.5	0	0	0	0	0	0	0	0.000654878847413229	0	0.00261951538965291	0.0124426981008513	0.00589390962671906	0.00392927308447937	0.00720366732154551	0.00261951538965291	0.00327439423706614	0.000654878847413229	0	0	0	0	0	0	0	0	0	0	0	0	0	0	0
1962.5	0	0	0	0	0	0	0	0	0	0	0.00720366732154551	0.0124426981008513	0.0288146692861821	0.0216110019646365	0.00720366732154551	0.00720366732154551	0.0045841519318926	0.000654878847413229	0	0	0	0	0	0	0	0	0	0	0	0	0	0
1987.5	0	0	0	0	0	0	0	0	0	0	0	0	0.00392927308447937	0.00720366732154551	0.00589390962671906	0.00654878847413229	0.0045841519318926	0	0	0	0	0	0	0	0	0	0	0	0	0	0	0
